dataset,finetune_coordinate,corr_threshold,avg_loss,best_error,n_models,n_models_std,avg_train_accuracy,avg_train_accuracy_std,acceptance_rate,acceptance_rate_std,runtime_s,runtime_s_std,n_trials,diversity_pred_hamming,diversity_pred_hamming_std,diversity_support_hamming,diversity_support_hamming_std,diversity_support_jaccard,diversity_support_jaccard_std,diversity_weight_l1,diversity_weight_l1_std,diversity_shape_l1,diversity_shape_l1_std,diversity_monotonicity_entropy,diversity_monotonicity_entropy_std
heart,True,0.0,0.1383128123853601,0.1386138613861386,266.0,48.399380161320245,0.8616871876146398,0.0028197973591017,0.28868,0.015357473750588,10.1059241771698,0.3363508951972152,5,0.100168627921264,0.001889318190643,0.3826473172103053,0.0047353616294912,0.7016476351633615,0.0153446015397055,0.4578443839543079,0.0081513973540935,0.9422128081813002,0.0394953227980878,0.4738930896069114,0.0404371249904821
spambase,True,0.0,0.041958420980466,0.0460769397956965,217.8,50.4053568581753,0.958041579019534,0.0002181110413091,0.20072,0.0069951411708413,692.8798628807068,42.85360460169387,5,0.0186936211502376,0.0008304342407255,0.3375814196636596,0.0105128568551895,0.547237743048971,0.0166357935346064,0.5090069750202594,0.010133871242684,0.7168158272465901,0.0186755367482565,0.1591161138956976,0.030413330939133
fico,True,0.0,0.2695504284121676,0.2646,275.0,53.32447843157962,0.7304495715878325,0.0004951206551891,0.24808,0.0064584827939694,806.9828757286072,33.45211576619606,5,0.0703799673705946,0.00359165724314,0.3425510134486198,0.0118709353950698,0.6312661320410562,0.0120372136988683,0.2992457891212561,0.0133378237613163,1.0089812422583244,0.0632844761118743,0.4400330776696347,0.0103768376134673
compas,True,0.0,0.3184413416897457,0.3151874909512089,299.2,51.24158467494932,0.6815586583102544,0.00050223983133,0.27632,0.0053039607841687,210.92865200042723,10.164424847905494,5,0.067089068268961,0.005424039234014,0.3574989262127059,0.0089066237416952,0.6385663556531229,0.0180371596428458,0.2716277883319843,0.0112250804373679,0.8473314393770124,0.0906072397034156,0.4825503826400535,0.0397968269430078
mgh,True,0.0,0.0258803432011732,0.02788,444.4,46.40905084140377,0.9741196567988266,0.0001834831084839,0.35864,0.0079440543804785,279.4560233592987,8.274420234720774,5,0.0089876622240554,0.0003226372158522,0.361872816788047,0.003748919058972,0.6434235970945041,0.0131756430084706,0.3984554380370412,0.0122059443903837,0.7058251485388338,0.0405949727473336,0.3893472479889601,0.0084654834288853
covertype,True,0.0,0.2142021081795397,0.21198,235.4,24.09979253022731,0.7857978918204603,0.0009764928753896,0.22832,0.0087619632503223,1038.920276784897,40.104979897844885,5,0.0492337645832306,0.0027780436160487,0.336531867357691,0.0177522221657459,0.5315786551523143,0.0135292257449224,0.3654360588415085,0.0222738119989431,0.6793098064082125,0.0408621167160501,0.2121856515414661,0.0543734166970283
heart,True,0.02,0.1341059341481361,0.1386138613861386,261.4,35.47957158704147,0.8658940658518638,0.0015448606346478,0.29916,0.0073693961760784,11.03676643371582,0.5811310048193836,5,0.098204449805698,0.0038362592441379,0.3955707100192994,0.0158300881217679,0.7016373727339811,0.0098004615836852,0.4629759046736743,0.0399732939472562,0.9043359430960464,0.0451145593871661,0.4515570962562157,0.0335167942107208
spambase,True,0.02,0.0410666094673876,0.0460769397956965,194.6,53.32729132442413,0.9589333905326124,0.0003760839984851,0.22792,0.0061621424845584,995.0559002876282,26.6081465069546,5,0.0182902379495799,0.0007048879497014,0.3545325152785296,0.0092222747341097,0.5623904774116821,0.0109331256793646,0.5261074143172635,0.0173677288125629,0.7212906642547228,0.0248289238350454,0.1614252367885203,0.0214170053938258
mgh,True,0.02,0.0259733733781038,0.02788,446.6,57.47434210149778,0.974026626621896,0.0001521291003033,0.4350799999999999,0.0047929114325219,423.4956184387207,18.96991941313806,5,0.0088283296073838,0.0004561614513134,0.3676071162541839,0.0120383259839721,0.6709417313714243,0.0049563161559455,0.3952126629882454,0.0095255796993786,0.7038988550681861,0.0117313422231561,0.3673699381289018,0.0184530834473522
covertype,True,0.02,0.2147372612321461,0.21198,272.8,61.93302834514069,0.7852627387678537,0.000590351428488,0.2678,0.0098214051947773,1448.095394706726,35.16921517290739,5,0.0543946541741183,0.0042882888677689,0.3544806443432273,0.011537465422265,0.5626850030633945,0.0197708669491488,0.3950281375526562,0.0135749127214657,0.7044079304557017,0.0399149722997278,0.260324037464498,0.0536086052130353
fico,True,0.02,0.2698408187394768,0.2646,292.6,38.578491416850405,0.7301591812605233,0.0002886229394163,0.2834,0.009178235124467,917.2169743061064,64.62138432247349,5,0.0735636194673587,0.0042439023759933,0.3473852770535642,0.0076439337810726,0.6483195212820567,0.01669292944144,0.2867852461937198,0.0156710758307022,0.9735245867998058,0.0634365588695702,0.4466489634626502,0.0174794465868066
compas,True,0.02,0.3188789485516743,0.3151874909512089,319.0,41.15823125451335,0.6811210514483256,0.0007001090771688,0.32236,0.0119175500838049,267.10197739601136,5.254075348336849,5,0.0690872247967964,0.0091518978952975,0.3658120488488195,0.006060761919181,0.6560926470246982,0.0066823072113947,0.2715698160649377,0.0204738784337164,0.9093833638441768,0.0640264104074844,0.5050815039453811,0.0398371264750516
mgh,True,0.15,,,0.0,,,,,,,,5,,,,,,,,,,,,
covertype,True,0.15,,,0.0,,,,,,,,5,,,,,,,,,,,,
spambase,True,0.15,,,0.0,,,,,,,,5,,,,,,,,,,,,
heart,True,0.15,,,0.0,,,,,,,,5,,,,,,,,,,,,
fico,True,0.15,,,0.0,,,,,,,,5,,,,,,,,,,,,
compas,True,0.15,,,0.0,,,,,,,,5,,,,,,,,,,,,
